2.000000000000000000e+10
3.000000000000000000e+10
4.000000000000000000e+10
5.000000000000000000e+10
6.000000000000000000e+10
7.000000000000000000e+10
8.000000000000000000e+10
9.000000000000000000e+10
1.000000000000000000e+11
1.050000000000000000e+11
1.100000000000000000e+11
1.150000000000000000e+11
1.200000000000000000e+11
1.250000000000000000e+11
1.300000000000000000e+11
1.350000000000000000e+11
1.400000000000000000e+11
1.450000000000000000e+11
1.500000000000000000e+11
1.550000000000000000e+11
1.600000000000000000e+11
1.650000000000000000e+11
1.700000000000000000e+11
1.750000000000000000e+11
1.800000000000000000e+11
1.850000000000000000e+11
1.900000000000000000e+11
1.950000000000000000e+11
2.000000000000000000e+11
2.050000000000000000e+11
2.100000000000000000e+11
2.150000000000000000e+11
2.200000000000000000e+11
2.250000000000000000e+11
2.300000000000000000e+11
2.350000000000000000e+11
2.400000000000000000e+11
2.450000000000000000e+11
2.500000000000000000e+11
2.550000000000000000e+11
2.600000000000000000e+11
2.650000000000000000e+11
2.700000000000000000e+11
2.750000000000000000e+11
2.800000000000000000e+11
2.850000000000000000e+11
2.900000000000000000e+11
2.950000000000000000e+11
3.000000000000000000e+11
3.050000000000000000e+11
3.100000000000000000e+11
3.150000000000000000e+11
3.200000000000000000e+11
3.250000000000000000e+11
3.300000000000000000e+11
3.350000000000000000e+11
3.400000000000000000e+11
3.450000000000000000e+11
3.500000000000000000e+11
3.550000000000000000e+11
3.600000000000000000e+11
3.650000000000000000e+11
3.700000000000000000e+11
3.750000000000000000e+11
3.800000000000000000e+11
3.850000000000000000e+11
3.900000000000000000e+11
3.950000000000000000e+11
4.000000000000000000e+11
4.050000000000000000e+11
4.100000000000000000e+11
4.150000000000000000e+11
4.200000000000000000e+11
4.250000000000000000e+11
4.300000000000000000e+11
4.350000000000000000e+11
4.400000000000000000e+11
4.450000000000000000e+11
4.500000000000000000e+11
4.550000000000000000e+11
4.600000000000000000e+11
4.650000000000000000e+11
4.700000000000000000e+11
4.750000000000000000e+11
4.800000000000000000e+11
4.850000000000000000e+11
4.900000000000000000e+11
4.950000000000000000e+11
5.000000000000000000e+11
5.050000000000000000e+11
5.100000000000000000e+11
5.150000000000000000e+11
5.200000000000000000e+11
5.250000000000000000e+11
5.300000000000000000e+11
5.350000000000000000e+11
5.400000000000000000e+11
5.450000000000000000e+11
5.500000000000000000e+11
5.550000000000000000e+11
5.600000000000000000e+11
5.650000000000000000e+11
5.700000000000000000e+11
5.750000000000000000e+11
5.800000000000000000e+11
5.850000000000000000e+11
5.900000000000000000e+11
5.950000000000000000e+11
6.000000000000000000e+11
6.050000000000000000e+11
6.100000000000000000e+11
6.150000000000000000e+11
6.200000000000000000e+11
6.250000000000000000e+11
6.300000000000000000e+11
6.350000000000000000e+11
6.400000000000000000e+11
6.450000000000000000e+11
6.500000000000000000e+11
6.550000000000000000e+11
6.600000000000000000e+11
6.650000000000000000e+11
6.700000000000000000e+11
6.750000000000000000e+11
6.800000000000000000e+11
6.850000000000000000e+11
6.900000000000000000e+11
6.950000000000000000e+11
7.000000000000000000e+11
7.050000000000000000e+11
7.100000000000000000e+11
7.150000000000000000e+11
7.200000000000000000e+11
7.250000000000000000e+11
7.300000000000000000e+11
7.350000000000000000e+11
7.400000000000000000e+11
7.450000000000000000e+11
7.500000000000000000e+11
7.550000000000000000e+11
7.600000000000000000e+11
7.650000000000000000e+11
7.700000000000000000e+11
7.750000000000000000e+11
7.800000000000000000e+11
7.850000000000000000e+11
7.900000000000000000e+11
7.950000000000000000e+11
8.000000000000000000e+11
8.050000000000000000e+11
8.100000000000000000e+11
8.150000000000000000e+11
8.200000000000000000e+11
8.250000000000000000e+11
8.300000000000000000e+11
8.350000000000000000e+11
8.400000000000000000e+11
8.450000000000000000e+11
8.500000000000000000e+11
8.550000000000000000e+11
8.600000000000000000e+11
8.650000000000000000e+11
8.700000000000000000e+11
8.750000000000000000e+11
8.800000000000000000e+11
8.850000000000000000e+11
8.900000000000000000e+11
8.950000000000000000e+11
9.000000000000000000e+11
9.050000000000000000e+11
9.100000000000000000e+11
9.150000000000000000e+11
9.200000000000000000e+11
9.250000000000000000e+11
9.300000000000000000e+11
9.350000000000000000e+11
9.400000000000000000e+11
9.450000000000000000e+11
9.500000000000000000e+11
9.550000000000000000e+11
9.600000000000000000e+11
9.650000000000000000e+11
9.700000000000000000e+11
9.750000000000000000e+11
9.800000000000000000e+11
9.850000000000000000e+11
9.900000000000000000e+11
9.950000000000000000e+11
1.000000000000000000e+12
1.050000000000000000e+12
1.100000000000000000e+12
1.150000000000000000e+12
1.200000000000000000e+12
1.250000000000000000e+12
1.300000000000000000e+12
1.350000000000000000e+12
1.400000000000000000e+12
1.450000000000000000e+12
1.500000000000000000e+12
1.550000000000000000e+12
1.600000000000000000e+12
1.650000000000000000e+12
1.700000000000000000e+12
1.750000000000000000e+12
1.800000000000000000e+12
1.850000000000000000e+12
1.900000000000000000e+12
1.950000000000000000e+12
2.000000000000000000e+12
2.050000000000000000e+12
2.100000000000000000e+12
2.150000000000000000e+12
2.200000000000000000e+12
2.250000000000000000e+12
2.300000000000000000e+12
2.350000000000000000e+12
2.400000000000000000e+12
2.450000000000000000e+12
2.500000000000000000e+12
2.550000000000000000e+12
2.600000000000000000e+12
2.650000000000000000e+12
2.700000000000000000e+12
2.750000000000000000e+12
2.800000000000000000e+12
2.850000000000000000e+12
2.900000000000000000e+12
2.950000000000000000e+12
3.000000000000000000e+12
3.050000000000000000e+12
3.100000000000000000e+12
3.150000000000000000e+12
3.200000000000000000e+12
3.250000000000000000e+12
3.300000000000000000e+12
3.350000000000000000e+12
3.400000000000000000e+12
3.450000000000000000e+12
3.500000000000000000e+12
3.550000000000000000e+12
3.600000000000000000e+12
3.650000000000000000e+12
3.700000000000000000e+12
3.750000000000000000e+12
3.800000000000000000e+12
3.850000000000000000e+12
3.900000000000000000e+12
3.950000000000000000e+12
4.000000000000000000e+12
4.050000000000000000e+12
4.100000000000000000e+12
4.150000000000000000e+12
4.200000000000000000e+12
4.250000000000000000e+12
4.300000000000000000e+12
4.350000000000000000e+12
4.400000000000000000e+12
4.450000000000000000e+12
4.500000000000000000e+12
4.550000000000000000e+12
4.600000000000000000e+12
4.650000000000000000e+12
4.700000000000000000e+12
4.750000000000000000e+12
4.800000000000000000e+12
4.850000000000000000e+12
4.900000000000000000e+12
4.950000000000000000e+12
5.000000000000000000e+12
5.050000000000000000e+12
5.100000000000000000e+12
5.150000000000000000e+12
5.200000000000000000e+12
5.250000000000000000e+12
5.300000000000000000e+12
5.350000000000000000e+12
5.400000000000000000e+12
5.450000000000000000e+12
5.500000000000000000e+12
5.550000000000000000e+12
5.600000000000000000e+12
5.650000000000000000e+12
5.700000000000000000e+12
5.750000000000000000e+12
5.800000000000000000e+12
5.850000000000000000e+12
5.900000000000000000e+12
5.950000000000000000e+12
6.000000000000000000e+12
6.050000000000000000e+12
6.100000000000000000e+12
6.150000000000000000e+12
6.200000000000000000e+12
6.250000000000000000e+12
6.300000000000000000e+12
6.350000000000000000e+12
6.400000000000000000e+12
6.450000000000000000e+12
6.500000000000000000e+12
6.550000000000000000e+12
6.600000000000000000e+12
6.650000000000000000e+12
6.700000000000000000e+12
6.750000000000000000e+12
6.800000000000000000e+12
6.850000000000000000e+12
6.900000000000000000e+12
6.950000000000000000e+12
7.000000000000000000e+12
7.050000000000000000e+12
7.100000000000000000e+12
7.150000000000000000e+12
7.200000000000000000e+12
7.250000000000000000e+12
7.300000000000000000e+12
7.350000000000000000e+12
7.400000000000000000e+12
7.450000000000000000e+12
7.500000000000000000e+12
7.550000000000000000e+12
7.600000000000000000e+12
7.650000000000000000e+12
7.700000000000000000e+12
7.750000000000000000e+12
7.800000000000000000e+12
7.850000000000000000e+12
7.900000000000000000e+12
7.950000000000000000e+12
8.000000000000000000e+12
8.050000000000000000e+12
8.100000000000000000e+12
8.150000000000000000e+12
8.200000000000000000e+12
8.250000000000000000e+12
8.300000000000000000e+12
8.350000000000000000e+12
8.400000000000000000e+12
8.450000000000000000e+12
8.500000000000000000e+12
8.550000000000000000e+12
8.600000000000000000e+12
8.650000000000000000e+12
8.700000000000000000e+12
8.750000000000000000e+12
8.800000000000000000e+12
8.850000000000000000e+12
8.900000000000000000e+12
8.950000000000000000e+12
9.000000000000000000e+12
9.050000000000000000e+12
9.100000000000000000e+12
9.150000000000000000e+12
9.200000000000000000e+12
9.250000000000000000e+12
9.300000000000000000e+12
9.350000000000000000e+12
9.400000000000000000e+12
9.450000000000000000e+12
9.500000000000000000e+12
9.550000000000000000e+12
9.600000000000000000e+12
9.650000000000000000e+12
9.700000000000000000e+12
9.750000000000000000e+12
9.800000000000000000e+12
9.850000000000000000e+12
9.900000000000000000e+12
9.950000000000000000e+12
1.000000000000000000e+13
2.000000000000000000e+13
4.000000000000000000e+13
